001-rgb.png 1 397.000000 221.500000 38.528748
002-rgb.png 1 397.000000 222.500000 38.693607
003-rgb.png 1 397.000000 222.500000 38.528748
004-rgb.png 1 397.000000 221.500000 38.528748
005-rgb.png 1 391.500000 222.000000 38.487423
006-rgb.png 1 384.972931 218.452942 39.140739
007-rgb.png 1 394.000000 229.000000 37.774467
008-rgb.png 1 397.500000 231.500000 37.598530
009-rgb.png 1 434.649994 182.286209 39.702293
010-rgb.png 1 374.000000 229.500000 41.203217
011-rgb.png 1 405.000000 229.000000 42.015923
012-rgb.png 1 389.836884 225.050797 43.382484
013-rgb.png 1 386.000000 238.000000 42.679798
014-rgb.png 1 447.500000 249.500000 45.466068
015-rgb.png 1 369.500000 297.500000 49.380955
016-rgb.png 1 473.397095 285.922821 57.377567
017-rgb.png 1 383.500000 294.500000 56.420124
018-rgb.png 1 495.000000 300.000000 62.491383
019-rgb.png 1 401.938232 272.347321 65.584335
020-rgb.png 1 409.000000 259.500000 66.801277
021-rgb.png 1 419.416077 275.111389 72.719391
022-rgb.png 1 406.826965 327.938416 76.156761
023-rgb.png 1 418.603973 332.232666 82.207001
024-rgb.png 1 404.737701 344.339722 84.647705
025-rgb.png 1 417.524719 333.877747 88.826035
026-rgb.png 1 486.000000 278.000000 94.246796
027-rgb.png 1 392.785065 53.247761 83.983826
028-rgb.png 1 464.500000 -31.500000 66.180725
029-rgb.png 1 432.500000 -41.500000 62.381439
030-rgb.png 0 0. 0. 0.
031-rgb.png 1 485.000000 -33.500000 72.892044
032-rgb.png 1 455.500000 -1.000000 78.794998
033-rgb.png 1 426.500000 1.000000 79.851578
034-rgb.png 1 481.726471 36.838177 78.098389
035-rgb.png 1 462.000000 17.000000 77.057495
036-rgb.png 1 443.500000 4.500000 77.874855
037-rgb.png 1 525.000000 7.500000 82.978951
038-rgb.png 1 477.000000 16.500000 83.399796
039-rgb.png 1 468.000000 6.500000 87.630241
040-rgb.png 1 521.543213 43.410988 89.541779
041-rgb.png 1 448.500000 18.500000 82.467567
042-rgb.png 1 397.540894 325.656311 72.036201
043-rgb.png 1 369.157471 264.855225 72.327576
044-rgb.png 1 426.500000 296.500000 86.401428
045-rgb.png 1 403.000000 345.500000 82.431587
046-rgb.png 1 460.000000 346.000000 85.283203
047-rgb.png 1 411.653931 352.311615 78.494217
048-rgb.png 1 468.000000 333.000000 84.459999
049-rgb.png 1 414.225098 315.805359 87.715836
050-rgb.png 1 456.500000 419.000000 93.740860
051-rgb.png 1 430.500000 372.000000 89.575958
052-rgb.png 1 462.173309 267.697571 90.462051
053-rgb.png 1 414.000000 155.000000 84.616867
054-rgb.png 1 489.000000 76.500000 84.286552
055-rgb.png 1 487.500000 -22.000000 73.276978
056-rgb.png 0 0. 0. 0.
057-rgb.png 0 0. 0. 0.
058-rgb.png 0 0. 0. 0.
059-rgb.png 0 0. 0. 0.
060-rgb.png 0 0. 0. 0.
061-rgb.png 1 554.500000 -27.500000 58.107403
062-rgb.png 1 603.500000 -23.500000 85.532036
063-rgb.png 1 551.500000 -21.500000 83.935852
064-rgb.png 1 522.500000 -19.500000 80.921692
065-rgb.png 1 571.000000 -25.000000 81.113525
066-rgb.png 1 608.500000 -1.000000 88.292503
067-rgb.png 1 555.500000 2.500000 87.341583
068-rgb.png 1 551.000000 281.500000 79.371841
069-rgb.png 1 486.944183 287.554443 71.145493
070-rgb.png 0 0. 0. 0.
071-rgb.png 0 0. 0. 0.
072-rgb.png 0 0. 0. 0.
073-rgb.png 0 0. 0. 0.
074-rgb.png 0 0. 0. 0.
075-rgb.png 0 0. 0. 0.
076-rgb.png 0 0. 0. 0.
077-rgb.png 0 0. 0. 0.
078-rgb.png 0 0. 0. 0.
079-rgb.png 0 0. 0. 0.
080-rgb.png 0 0. 0. 0.
081-rgb.png 0 0. 0. 0.
082-rgb.png 0 0. 0. 0.
083-rgb.png 0 0. 0. 0.
084-rgb.png 0 0. 0. 0.
085-rgb.png 0 0. 0. 0.
086-rgb.png 0 0. 0. 0.
087-rgb.png 0 0. 0. 0.
088-rgb.png 0 0. 0. 0.
089-rgb.png 0 0. 0. 0.
090-rgb.png 0 0. 0. 0.
091-rgb.png 0 0. 0. 0.
092-rgb.png 0 0. 0. 0.
093-rgb.png 0 0. 0. 0.
094-rgb.png 0 0. 0. 0.
095-rgb.png 0 0. 0. 0.
096-rgb.png 1 385.500000 474.000000 51.924999
097-rgb.png 1 393.013977 231.266418 72.086143
098-rgb.png 1 394.000000 210.000000 76.560257
099-rgb.png 1 323.720001 219.720001 72.371094
100-rgb.png 1 428.347687 205.581619 66.839607
101-rgb.png 1 319.472778 221.390564 73.755730
102-rgb.png 1 374.000000 213.000000 72.189323
103-rgb.png 1 359.665436 200.490555 69.677902
104-rgb.png 1 362.000000 205.000000 69.079147
105-rgb.png 1 413.500000 224.500000 73.790718
106-rgb.png 1 367.451324 273.411499 79.904160
107-rgb.png 1 449.500000 319.500000 83.756805
108-rgb.png 1 413.623718 331.283508 83.984413
109-rgb.png 1 461.443329 348.931183 88.510979
110-rgb.png 1 389.089966 401.979004 93.052200
111-rgb.png 1 410.414490 337.604492 89.425995
112-rgb.png 1 456.500000 67.000000 88.034882
113-rgb.png 1 438.000000 -2.500000 75.205872
114-rgb.png 0 0. 0. 0.
115-rgb.png 0 0. 0. 0.
116-rgb.png 0 0. 0. 0.
117-rgb.png 0 0. 0. 0.
118-rgb.png 0 0. 0. 0.
119-rgb.png 0 0. 0. 0.
120-rgb.png 0 0. 0. 0.
121-rgb.png 0 0. 0. 0.
122-rgb.png 0 0. 0. 0.
123-rgb.png 0 0. 0. 0.
124-rgb.png 0 0. 0. 0.
125-rgb.png 0 0. 0. 0.
126-rgb.png 0 0. 0. 0.
127-rgb.png 1 484.000000 7.000000 59.793251
128-rgb.png 1 408.344452 187.259018 61.638943
129-rgb.png 1 430.107330 228.938461 60.123943
130-rgb.png 1 385.698181 224.211227 60.472939
131-rgb.png 1 476.611206 190.303909 68.631668
132-rgb.png 1 393.721313 236.650009 73.202812
133-rgb.png 1 429.779510 253.119919 69.243034
134-rgb.png 1 394.000000 245.000000 70.883163
135-rgb.png 1 445.106018 209.248779 73.455940
136-rgb.png 1 321.024323 286.198914 81.895088
137-rgb.png 1 384.857300 285.507782 76.659172
138-rgb.png 0 0. 0. 0.
139-rgb.png 0 0. 0. 0.
140-rgb.png 0 0. 0. 0.
141-rgb.png 0 0. 0. 0.
142-rgb.png 0 0. 0. 0.
143-rgb.png 0 0. 0. 0.
144-rgb.png 0 0. 0. 0.
145-rgb.png 0 0. 0. 0.
146-rgb.png 0 0. 0. 0.
147-rgb.png 0 0. 0. 0.
148-rgb.png 0 0. 0. 0.
149-rgb.png 0 0. 0. 0.
150-rgb.png 0 0. 0. 0.
151-rgb.png 0 0. 0. 0.
152-rgb.png 0 0. 0. 0.
153-rgb.png 0 0. 0. 0.
154-rgb.png 0 0. 0. 0.
155-rgb.png 0 0. 0. 0.
156-rgb.png 0 0. 0. 0.
157-rgb.png 0 0. 0. 0.
158-rgb.png 0 0. 0. 0.
159-rgb.png 0 0. 0. 0.
160-rgb.png 0 0. 0. 0.
161-rgb.png 0 0. 0. 0.
162-rgb.png 0 0. 0. 0.
163-rgb.png 0 0. 0. 0.
164-rgb.png 1 393.381744 282.484039 79.803238
165-rgb.png 1 377.178162 267.660919 80.168358
166-rgb.png 1 426.433563 239.112167 81.553596
167-rgb.png 1 354.975586 249.960953 77.346863
168-rgb.png 1 413.045654 250.279510 81.894981
169-rgb.png 1 354.630981 235.472763 79.884529
170-rgb.png 1 427.985626 231.892151 81.494705
171-rgb.png 1 312.190216 227.952972 83.528603
172-rgb.png 1 419.263672 183.091095 80.811455
173-rgb.png 1 321.500000 207.500000 77.780350
174-rgb.png 1 406.045868 194.951004 79.211029
175-rgb.png 1 369.968018 192.415771 74.129501
176-rgb.png 1 378.070251 172.851608 79.491432
177-rgb.png 1 428.000000 202.000000 70.108131
178-rgb.png 1 425.500000 171.500000 70.707085
179-rgb.png 1 424.149414 206.012466 69.287262
180-rgb.png 1 407.580109 204.436462 68.670494
181-rgb.png 1 459.358002 276.723358 67.919640
182-rgb.png 1 395.500000 225.000000 64.457344
183-rgb.png 1 415.500000 202.500000 69.328262
184-rgb.png 1 415.222321 203.255402 73.562698
185-rgb.png 1 415.263458 279.504303 75.575188
186-rgb.png 1 397.000000 323.000000 79.954727
187-rgb.png 1 405.091339 333.583069 83.442841
188-rgb.png 1 420.052246 378.062714 87.085152
189-rgb.png 1 396.000000 405.076324 91.701462
190-rgb.png 1 499.875824 410.401184 98.104462
191-rgb.png 1 388.801758 256.737122 89.538849
192-rgb.png 1 271.000000 279.500000 92.740326
193-rgb.png 1 462.182556 54.587811 85.971230
194-rgb.png 1 509.000000 -36.500000 78.519836
195-rgb.png 0 0. 0. 0.
196-rgb.png 0 0. 0. 0.
197-rgb.png 0 0. 0. 0.
198-rgb.png 0 0. 0. 0.
199-rgb.png 0 0. 0. 0.
200-rgb.png 0 0. 0. 0.
201-rgb.png 0 0. 0. 0.
202-rgb.png 0 0. 0. 0.
203-rgb.png 0 0. 0. 0.
204-rgb.png 0 0. 0. 0.
205-rgb.png 0 0. 0. 0.
206-rgb.png 0 0. 0. 0.
207-rgb.png 0 0. 0. 0.
208-rgb.png 0 0. 0. 0.
209-rgb.png 0 0. 0. 0.
210-rgb.png 0 0. 0. 0.
211-rgb.png 0 0. 0. 0.
212-rgb.png 0 0. 0. 0.
213-rgb.png 0 0. 0. 0.
214-rgb.png 0 0. 0. 0.
215-rgb.png 0 0. 0. 0.
216-rgb.png 0 0. 0. 0.
217-rgb.png 1 384.000000 451.500000 65.325539
218-rgb.png 1 534.500000 473.500000 67.377060
219-rgb.png 1 534.500000 472.500000 68.407028
220-rgb.png 1 533.500000 472.000000 68.413109
221-rgb.png 1 534.500000 474.500000 68.377060
222-rgb.png 1 534.000000 473.000000 69.898170
223-rgb.png 0 0. 0. 0.
224-rgb.png 0 0. 0. 0.
225-rgb.png 0 0. 0. 0.
226-rgb.png 0 0. 0. 0.
227-rgb.png 0 0. 0. 0.
228-rgb.png 0 0. 0. 0.
229-rgb.png 0 0. 0. 0.
230-rgb.png 1 656.000000 -19.000000 78.650002
231-rgb.png 1 699.000000 2.500000 87.384666
232-rgb.png 1 670.500000 38.500000 90.606949
233-rgb.png 1 813.500000 177.000000 70.892044
234-rgb.png 1 802.000000 147.000000 82.871857
235-rgb.png 0 0. 0. 0.
236-rgb.png 0 0. 0. 0.
237-rgb.png 0 0. 0. 0.
238-rgb.png 0 0. 0. 0.
239-rgb.png 0 0. 0. 0.
240-rgb.png 0 0. 0. 0.
241-rgb.png 0 0. 0. 0.
242-rgb.png 0 0. 0. 0.
243-rgb.png 0 0. 0. 0.
244-rgb.png 0 0. 0. 0.
245-rgb.png 0 0. 0. 0.
246-rgb.png 0 0. 0. 0.
247-rgb.png 0 0. 0. 0.
248-rgb.png 0 0. 0. 0.
249-rgb.png 0 0. 0. 0.
250-rgb.png 0 0. 0. 0.
251-rgb.png 0 0. 0. 0.
252-rgb.png 0 0. 0. 0.
253-rgb.png 0 0. 0. 0.
254-rgb.png 0 0. 0. 0.
255-rgb.png 0 0. 0. 0.
256-rgb.png 0 0. 0. 0.
257-rgb.png 0 0. 0. 0.
258-rgb.png 0 0. 0. 0.
259-rgb.png 0 0. 0. 0.
260-rgb.png 0 0. 0. 0.
261-rgb.png 0 0. 0. 0.
262-rgb.png 0 0. 0. 0.
263-rgb.png 0 0. 0. 0.
264-rgb.png 0 0. 0. 0.
