001-rgb.png 1 395.000000 219.000000 10.270000
002-rgb.png 1 395.500000 220.000000 10.994088
003-rgb.png 1 401.000000 220.000000 10.270000
004-rgb.png 1 401.281616 220.143677 10.023147
005-rgb.png 1 401.500000 220.000000 10.994088
006-rgb.png 1 401.500000 220.000000 10.994088
007-rgb.png 1 405.000000 250.500000 10.284294
008-rgb.png 1 382.000000 240.500000 10.635000
009-rgb.png 1 384.000000 213.500000 10.284294
010-rgb.png 1 422.000000 232.500000 11.946301
011-rgb.png 1 447.000000 225.000000 10.327047
012-rgb.png 1 402.000000 222.000000 11.351372
013-rgb.png 1 434.579987 201.436005 11.327915
014-rgb.png 1 393.500000 221.000000 11.773767
015-rgb.png 1 402.500000 200.500000 12.924800
016-rgb.png 1 393.153534 179.263779 11.712207
017-rgb.png 1 368.500000 212.000000 11.261302
018-rgb.png 1 414.000000 226.000000 11.566400
019-rgb.png 1 391.000000 244.500000 12.616997
020-rgb.png 1 461.000000 230.000000 12.653119
021-rgb.png 1 388.500000 200.500000 12.924800
022-rgb.png 1 425.388885 189.277771 12.827118
023-rgb.png 1 379.000000 190.000000 13.905864
024-rgb.png 1 347.357147 211.500000 12.974237
025-rgb.png 1 418.000000 216.000000 12.304126
026-rgb.png 1 400.000000 241.500000 12.863936
027-rgb.png 1 462.000000 237.000000 12.300000
028-rgb.png 1 389.884064 249.159424 12.420720
029-rgb.png 1 439.500000 207.500000 12.400011
030-rgb.png 1 383.000000 194.000000 17.450001
031-rgb.png 1 380.887085 185.887100 13.599647
032-rgb.png 1 395.500000 184.500000 13.856190
033-rgb.png 1 384.500000 241.750000 13.179771
034-rgb.png 1 414.844818 247.706894 12.512864
035-rgb.png 1 348.000000 247.000000 13.445538
036-rgb.png 1 437.000000 203.500000 14.725000
037-rgb.png 1 422.500000 154.000000 15.474525
038-rgb.png 1 386.500000 182.500000 13.967369
039-rgb.png 1 383.625000 215.750000 13.748851
040-rgb.png 1 394.000000 269.500000 13.370725
041-rgb.png 1 460.500000 276.000000 14.815380
042-rgb.png 1 356.500000 245.500000 15.066195
043-rgb.png 1 371.635132 240.608109 13.281586
044-rgb.png 1 353.333344 208.333328 14.159129
045-rgb.png 1 394.000000 217.500000 14.635348
046-rgb.png 1 437.000000 235.000000 14.625734
047-rgb.png 1 382.500000 214.500000 15.990570
048-rgb.png 1 454.750000 210.000000 15.497044
049-rgb.png 1 377.000000 194.500000 15.502532
050-rgb.png 1 338.000000 178.000000 15.566400
051-rgb.png 1 381.500000 201.000000 14.244197
052-rgb.png 1 367.844818 239.844833 15.550761
053-rgb.png 1 446.863647 222.909088 15.380978
054-rgb.png 1 349.631134 217.040985 15.385237
055-rgb.png 1 405.258606 214.500000 15.400406
056-rgb.png 1 373.732147 220.000000 15.731948
057-rgb.png 1 357.000000 201.500000 16.663113
058-rgb.png 1 461.000000 235.500000 17.201422
059-rgb.png 1 396.500000 231.000000 15.756344
060-rgb.png 1 428.140625 213.000000 17.624844
061-rgb.png 1 380.000000 173.500000 16.004757
062-rgb.png 1 386.000000 230.000000 16.586727
063-rgb.png 1 461.586456 214.853378 17.906605
064-rgb.png 1 361.500000 219.000000 17.758169
065-rgb.png 1 369.500000 213.000000 17.488045
066-rgb.png 1 377.000000 227.000000 18.251646
067-rgb.png 1 409.000000 270.000000 18.540268
068-rgb.png 1 465.000000 262.000000 18.265945
069-rgb.png 1 389.500000 233.500000 18.373142
070-rgb.png 1 447.000000 203.000000 18.246799
071-rgb.png 1 361.500000 192.500000 19.579556
072-rgb.png 1 345.894745 204.894730 19.671186
073-rgb.png 1 400.750000 226.500000 19.860886
074-rgb.png 1 384.856628 276.520966 21.028097
075-rgb.png 1 448.500000 244.500000 20.117533
076-rgb.png 1 345.789612 251.024597 20.786354
077-rgb.png 1 433.000000 209.000000 20.246799
078-rgb.png 1 336.000000 219.000000 20.246799
079-rgb.png 1 443.500000 211.500000 21.098240
080-rgb.png 1 387.500000 206.500000 21.098240
081-rgb.png 1 427.500000 208.000000 23.748066
082-rgb.png 1 391.188904 207.188889 21.470407
083-rgb.png 1 370.563599 234.945084 22.079580
084-rgb.png 1 430.269226 252.730774 24.529076
085-rgb.png 1 396.629333 244.151566 23.120319
086-rgb.png 1 481.715240 221.816956 24.998047
087-rgb.png 1 360.000000 218.500000 24.376759
088-rgb.png 1 444.500000 227.000000 26.757875
089-rgb.png 1 381.000000 229.000000 25.251991
090-rgb.png 1 373.500000 219.000000 26.027920
091-rgb.png 1 403.000000 243.000000 26.246799
092-rgb.png 1 409.000000 229.000000 27.246799
093-rgb.png 1 462.000000 229.000000 29.251991
094-rgb.png 1 404.579590 246.945450 29.394291
095-rgb.png 1 461.927856 190.231964 31.498932
096-rgb.png 1 356.000000 208.500000 29.755093
097-rgb.png 1 395.000000 219.500000 31.227472
098-rgb.png 1 358.000000 227.000000 30.283199
099-rgb.png 1 362.000000 273.500000 31.376759
100-rgb.png 1 449.000000 249.000000 32.342655
101-rgb.png 1 446.000000 275.000000 33.104527
102-rgb.png 1 461.637939 257.982758 35.392937
103-rgb.png 1 384.000000 230.500000 35.839062
104-rgb.png 1 374.500000 233.000000 37.622982
105-rgb.png 1 338.527710 223.468079 38.624767
106-rgb.png 1 409.184845 212.828461 38.099777
107-rgb.png 1 419.471344 205.351227 41.691792
108-rgb.png 1 397.000000 247.000000 39.194176
109-rgb.png 1 430.296936 242.273682 43.955078
110-rgb.png 1 376.185425 250.346542 43.102669
111-rgb.png 1 341.175598 240.299332 42.546799
112-rgb.png 1 419.587372 226.412628 44.755627
113-rgb.png 1 396.500000 201.000000 44.852329
114-rgb.png 1 392.000000 230.500000 46.352859
115-rgb.png 1 464.321777 246.321777 50.195557
116-rgb.png 1 416.500000 274.000000 50.965618
117-rgb.png 1 394.469391 235.469391 51.051201
118-rgb.png 1 460.280060 250.310898 54.515919
119-rgb.png 1 404.543213 247.962967 56.680836
120-rgb.png 1 385.500000 248.000000 55.748066
121-rgb.png 1 444.000000 258.000000 56.687439
122-rgb.png 1 388.313263 255.188339 59.718117
123-rgb.png 1 388.950012 266.000000 62.563179
124-rgb.png 1 455.739563 291.336487 66.543137
125-rgb.png 1 405.229523 267.770477 65.348778
126-rgb.png 1 409.000000 270.500000 67.383591
127-rgb.png 1 443.000000 289.000000 69.246796
128-rgb.png 1 399.000000 309.000000 76.055840
129-rgb.png 1 479.761597 325.694092 78.550247
130-rgb.png 1 384.000000 355.000000 79.747360
131-rgb.png 1 425.194153 356.310669 85.477745
132-rgb.png 1 414.125977 404.383301 90.364395
133-rgb.png 1 404.611084 402.055542 88.155060
134-rgb.png 1 446.500000 400.500000 87.871902
135-rgb.png 1 356.000000 425.500000 85.994087
136-rgb.png 1 397.000000 423.000000 91.180000
137-rgb.png 1 415.000000 434.500000 89.368454
138-rgb.png 1 358.000000 422.000000 84.747360
139-rgb.png 1 276.726746 449.302338 93.610596
140-rgb.png 1 321.500000 451.000000 90.748062
141-rgb.png 1 273.000000 472.000000 88.780556
142-rgb.png 1 240.500000 460.000000 93.175827
143-rgb.png 1 303.000000 479.000000 87.246796
144-rgb.png 1 545.000000 457.500000 92.152061
145-rgb.png 1 499.500000 426.664825 88.999062
146-rgb.png 1 575.500000 461.000000 93.041100
147-rgb.png 1 564.565186 427.884155 89.284531
148-rgb.png 1 542.000000 172.601562 95.642731
149-rgb.png 1 628.000000 258.921051 98.806480
150-rgb.png 1 551.500000 204.500000 87.171448
151-rgb.png 1 645.500000 230.000000 96.000809
152-rgb.png 1 278.500000 153.500000 78.871902
153-rgb.png 1 289.000000 115.000000 81.251991
154-rgb.png 1 364.000000 85.000000 79.844246
155-rgb.png 1 283.000000 91.000000 80.246796
156-rgb.png 1 39.500000 177.000000 89.104408
157-rgb.png 1 -19.500000 244.500000 83.085266
158-rgb.png 1 23.500000 140.000000 91.364250
159-rgb.png 0 0. 0. 0.
160-rgb.png 0 0. 0. 0.
161-rgb.png 0 0. 0. 0.
162-rgb.png 0 0. 0. 0.
163-rgb.png 0 0. 0. 0.
164-rgb.png 0 0. 0. 0.
165-rgb.png 0 0. 0. 0.
166-rgb.png 0 0. 0. 0.
167-rgb.png 0 0. 0. 0.
168-rgb.png 0 0. 0. 0.
169-rgb.png 1 379.553558 441.446442 59.530350
170-rgb.png 1 458.000000 432.000000 59.733910
171-rgb.png 1 392.500000 234.500000 54.098240
172-rgb.png 1 375.000000 140.500000 54.370197
173-rgb.png 1 409.734039 135.265961 54.420132
174-rgb.png 1 376.000000 169.500000 54.312866
175-rgb.png 1 393.500000 172.000000 53.681187
176-rgb.png 1 414.000000 157.500000 57.866798
177-rgb.png 1 370.500000 201.500000 55.468163
178-rgb.png 1 370.500000 214.500000 57.831543
179-rgb.png 1 432.500000 218.000000 55.879280
180-rgb.png 1 381.000000 241.500000 55.085743
181-rgb.png 1 359.500000 241.000000 56.059353
182-rgb.png 1 417.500000 269.000000 56.474159
183-rgb.png 1 399.184601 225.184616 57.090439
184-rgb.png 1 347.760254 247.281952 60.767086
185-rgb.png 1 398.500000 302.500000 60.397888
186-rgb.png 1 358.327698 265.476959 59.423195
187-rgb.png 1 337.888641 271.173584 60.369328
188-rgb.png 1 400.500000 268.000000 65.355103
189-rgb.png 1 358.000000 256.000000 63.595215
190-rgb.png 1 322.500000 298.000000 69.060432
191-rgb.png 1 390.949646 292.324310 67.101830
192-rgb.png 1 319.000000 321.500000 71.563850
193-rgb.png 1 339.513000 312.383118 70.952965
194-rgb.png 1 414.269135 254.436752 69.781357
195-rgb.png 1 365.000000 251.500000 68.616997
196-rgb.png 1 403.500000 275.500000 70.770134
197-rgb.png 1 429.500000 274.500000 71.011520
198-rgb.png 1 405.189850 244.494659 71.562813
199-rgb.png 1 439.000000 283.000000 72.246796
200-rgb.png 1 360.500000 248.089478 68.710373
201-rgb.png 1 415.500000 240.925751 69.779480
202-rgb.png 1 419.500000 269.000000 69.341698
203-rgb.png 1 341.000000 262.500000 71.004761
204-rgb.png 1 404.500000 294.500000 76.663513
205-rgb.png 1 404.000000 284.500000 73.616997
206-rgb.png 1 398.500000 259.214294 70.666649
207-rgb.png 1 441.500000 260.000000 70.999496
208-rgb.png 1 372.921692 276.572296 67.310677
209-rgb.png 1 375.500000 250.000000 69.755005
210-rgb.png 1 377.000000 238.500000 70.376755
211-rgb.png 1 362.000000 190.000000 72.044556
212-rgb.png 1 420.000000 227.000000 71.209999
213-rgb.png 1 393.000000 273.500000 68.425674
214-rgb.png 1 440.500000 245.000000 71.665001
215-rgb.png 1 476.000000 213.000000 73.775360
216-rgb.png 1 434.500000 224.000000 69.635002
217-rgb.png 1 391.500000 213.500000 68.117531
218-rgb.png 1 454.000000 228.000000 70.093437
219-rgb.png 1 361.500000 228.000000 67.700752
220-rgb.png 1 367.546051 221.255005 72.620285
221-rgb.png 1 397.000000 234.000000 74.131332
222-rgb.png 1 342.000000 252.500000 75.175690
223-rgb.png 1 431.000000 255.500000 81.403595
224-rgb.png 1 379.000000 248.000000 77.246796
225-rgb.png 1 385.000000 303.000000 85.150002
226-rgb.png 1 457.000000 311.000000 84.246796
227-rgb.png 1 346.500000 310.500000 86.173119
228-rgb.png 1 454.500000 358.500000 93.599808
229-rgb.png 1 343.160156 390.571350 93.637321
230-rgb.png 1 408.262970 409.148865 94.008308
231-rgb.png 1 330.000000 330.000000 93.270462
232-rgb.png 1 353.500000 325.500000 85.263229
233-rgb.png 1 186.155762 144.319672 86.481613
234-rgb.png 0 0. 0. 0.
235-rgb.png 0 0. 0. 0.
236-rgb.png 0 0. 0. 0.
237-rgb.png 0 0. 0. 0.
238-rgb.png 0 0. 0. 0.
239-rgb.png 0 0. 0. 0.
240-rgb.png 0 0. 0. 0.
241-rgb.png 0 0. 0. 0.
242-rgb.png 0 0. 0. 0.
243-rgb.png 0 0. 0. 0.
244-rgb.png 0 0. 0. 0.
245-rgb.png 0 0. 0. 0.
246-rgb.png 0 0. 0. 0.
247-rgb.png 0 0. 0. 0.
248-rgb.png 0 0. 0. 0.
249-rgb.png 0 0. 0. 0.
250-rgb.png 0 0. 0. 0.
251-rgb.png 0 0. 0. 0.
252-rgb.png 0 0. 0. 0.
253-rgb.png 0 0. 0. 0.
254-rgb.png 0 0. 0. 0.
255-rgb.png 0 0. 0. 0.
256-rgb.png 0 0. 0. 0.
257-rgb.png 0 0. 0. 0.
258-rgb.png 0 0. 0. 0.
259-rgb.png 0 0. 0. 0.
260-rgb.png 0 0. 0. 0.
261-rgb.png 0 0. 0. 0.
262-rgb.png 0 0. 0. 0.
263-rgb.png 0 0. 0. 0.
264-rgb.png 0 0. 0. 0.
265-rgb.png 0 0. 0. 0.
266-rgb.png 0 0. 0. 0.
267-rgb.png 0 0. 0. 0.
268-rgb.png 0 0. 0. 0.
269-rgb.png 0 0. 0. 0.
270-rgb.png 1 727.500000 349.000000 54.502533
271-rgb.png 1 727.500000 364.500000 54.364716
272-rgb.png 1 415.088257 211.367645 38.697426
273-rgb.png 1 279.500000 126.500000 42.561340
274-rgb.png 1 193.500000 137.833344 46.228573
275-rgb.png 1 326.500000 171.000000 40.284294
276-rgb.png 1 416.000000 221.000000 39.246799
277-rgb.png 1 408.000000 233.000000 38.450001
278-rgb.png 1 400.000000 254.000000 40.275387
279-rgb.png 1 361.000000 281.500000 41.928616
280-rgb.png 1 369.000000 221.000000 43.150002
281-rgb.png 1 319.000000 225.000000 45.251991
282-rgb.png 1 388.000000 198.000000 45.477364
283-rgb.png 1 442.500000 220.500000 47.942886
284-rgb.png 1 397.000000 237.000000 47.818901
285-rgb.png 1 445.000000 228.000000 49.029404
286-rgb.png 1 452.500000 251.000000 52.991344
287-rgb.png 1 385.000000 255.500000 51.526642
288-rgb.png 1 435.000000 232.000000 53.119995
289-rgb.png 1 418.500000 262.500000 56.436508
290-rgb.png 1 378.726288 256.505005 56.047600
291-rgb.png 1 454.000000 259.500000 60.760315
292-rgb.png 1 387.000000 202.500000 60.466568
293-rgb.png 1 341.000000 216.000000 61.745277
294-rgb.png 1 410.000000 222.000000 65.746040
295-rgb.png 1 363.803925 291.428833 71.708496
296-rgb.png 1 434.000000 299.000000 75.246796
297-rgb.png 1 425.500000 276.000000 71.055000
298-rgb.png 1 392.000000 243.000000 74.119995
299-rgb.png 1 448.349152 212.414551 77.327278
300-rgb.png 1 417.500000 189.500000 85.066193
301-rgb.png 1 368.277771 244.555542 84.939003
302-rgb.png 1 435.644104 278.253357 86.184708
303-rgb.png 1 391.473877 297.415405 88.225792
304-rgb.png 1 443.896973 290.656769 88.474586
305-rgb.png 0 0. 0. 0.
306-rgb.png 0 0. 0. 0.
307-rgb.png 0 0. 0. 0.
308-rgb.png 1 382.500000 480.000000 85.735001
309-rgb.png 1 306.500000 471.000000 91.249168
310-rgb.png 1 297.000000 445.037048 84.907707
311-rgb.png 1 324.997864 426.840149 79.257042
312-rgb.png 1 243.000000 421.500000 73.740448
313-rgb.png 1 350.000000 207.500000 67.656021
314-rgb.png 1 469.500000 146.500000 71.230293
315-rgb.png 1 485.310303 144.871857 73.478020
316-rgb.png 1 492.500000 187.500000 73.098236
317-rgb.png 1 447.500000 223.000000 71.873428
318-rgb.png 1 344.500000 228.500000 69.624031
319-rgb.png 1 391.678833 246.770081 74.603714
320-rgb.png 1 403.500000 290.000000 74.877502
321-rgb.png 1 411.500000 301.000000 77.402466
322-rgb.png 1 494.500000 302.000000 83.989220
323-rgb.png 1 427.500000 232.000000 79.909363
324-rgb.png 1 436.000000 271.000000 83.321846
325-rgb.png 1 364.500000 284.000000 85.074821
326-rgb.png 1 390.500000 489.500000 81.257202
327-rgb.png 1 410.500000 456.000000 81.824997
328-rgb.png 1 428.366150 391.691559 73.917961
329-rgb.png 1 451.097382 228.924957 69.179420
330-rgb.png 1 328.990662 45.361816 95.210335
331-rgb.png 1 376.944550 73.263206 77.505630
332-rgb.png 1 328.944611 86.665237 81.098701
333-rgb.png 1 495.612396 177.019424 81.390984
334-rgb.png 1 392.000000 181.000000 76.199120
335-rgb.png 1 409.000000 216.000000 84.482819
336-rgb.png 1 385.000000 269.500000 77.373680
337-rgb.png 1 381.000000 298.500000 83.618927
338-rgb.png 1 459.000000 312.500000 89.201424
339-rgb.png 1 224.063095 322.183716 97.788628
340-rgb.png 1 331.046936 316.818909 88.428780
341-rgb.png 1 327.772858 264.542084 82.020981
342-rgb.png 1 278.000000 261.500000 75.234077
343-rgb.png 1 448.447601 192.639740 75.932007
344-rgb.png 1 496.000000 169.000000 77.960861
345-rgb.png 1 510.287323 183.706314 79.905090
346-rgb.png 1 515.753662 204.777008 82.238335
347-rgb.png 1 441.000000 206.000000 82.329155
348-rgb.png 1 460.285736 238.322891 80.706924
349-rgb.png 1 443.425903 274.988098 85.387001
350-rgb.png 1 391.615326 258.511536 79.196274
351-rgb.png 1 445.718658 265.554993 84.207878
352-rgb.png 1 408.257599 274.503326 82.705292
353-rgb.png 1 384.943451 323.067322 88.341393
354-rgb.png 1 467.837280 402.872040 95.284279
355-rgb.png 1 285.000000 454.126770 99.585670
356-rgb.png 1 442.133942 193.438538 86.178749
357-rgb.png 1 496.981598 119.106720 87.535896
358-rgb.png 1 440.500000 57.500000 84.871902
359-rgb.png 1 484.652374 72.584602 84.259796
360-rgb.png 1 464.680939 110.183456 80.069389
361-rgb.png 1 470.000000 80.000000 81.285210
362-rgb.png 1 520.000000 100.500000 84.304565
363-rgb.png 1 468.500000 133.000000 81.663048
364-rgb.png 1 540.000000 161.000000 85.152802
365-rgb.png 1 495.500000 184.500000 82.633957
366-rgb.png 1 492.000000 188.000000 80.623848
367-rgb.png 1 544.000000 181.000000 90.259949
368-rgb.png 1 347.500000 254.000000 80.190361
369-rgb.png 1 419.000000 234.500000 81.547150
370-rgb.png 1 371.500000 256.500000 81.973305
371-rgb.png 1 504.500000 289.000000 86.656021
372-rgb.png 1 516.000000 314.000000 92.185120
373-rgb.png 1 463.474670 350.518097 93.571152
374-rgb.png 1 523.307190 379.541107 97.554741
