001-rgb.png 1 400.688324 222.993500 21.921049
002-rgb.png 1 400.768066 222.319275 21.841473
003-rgb.png 1 400.769409 222.574478 21.900507
004-rgb.png 1 400.688324 222.993500 21.921049
005-rgb.png 1 400.779877 222.201080 21.827724
006-rgb.png 1 400.650391 222.296997 21.962360
007-rgb.png 1 400.788910 222.314377 21.861374
008-rgb.png 1 400.779877 222.201080 21.827724
009-rgb.png 1 400.779877 222.201080 21.827724
010-rgb.png 1 400.768066 222.319275 21.841473
011-rgb.png 1 400.769409 222.574478 21.900507
012-rgb.png 1 400.863647 222.954544 21.763744
013-rgb.png 1 400.911652 222.716873 21.704180
014-rgb.png 1 400.788910 222.314377 21.861374
015-rgb.png 1 400.779877 222.201080 21.827724
016-rgb.png 1 402.204865 220.802078 21.390015
017-rgb.png 1 422.452393 231.357147 20.182526
018-rgb.png 1 412.089447 172.765396 22.812473
019-rgb.png 1 409.420410 232.587891 21.201252
020-rgb.png 1 388.851837 255.475647 21.758411
021-rgb.png 1 425.872284 239.287872 21.763544
022-rgb.png 1 371.085052 210.902496 22.562424
023-rgb.png 1 383.387634 202.162918 22.261358
024-rgb.png 1 425.291656 232.291672 23.371473
025-rgb.png 1 376.737000 247.928772 23.957449
026-rgb.png 1 433.593018 221.081390 23.106041
027-rgb.png 1 349.727264 241.136368 24.999460
028-rgb.png 1 443.212219 227.381302 24.542665
029-rgb.png 1 355.855194 231.831924 25.869772
030-rgb.png 1 428.858215 229.305969 25.700325
031-rgb.png 1 395.294525 224.595886 26.479919
032-rgb.png 1 412.194580 236.023453 27.684551
033-rgb.png 1 407.292908 211.178253 28.599926
034-rgb.png 1 394.066254 206.873489 28.765989
035-rgb.png 1 475.704193 215.144699 30.235157
036-rgb.png 1 405.533905 222.228821 29.321039
037-rgb.png 1 495.013580 235.708923 31.917412
038-rgb.png 1 435.234467 235.814774 32.741245
039-rgb.png 1 526.706055 250.998840 35.457767
040-rgb.png 1 332.437347 235.455292 33.544243
041-rgb.png 1 368.102570 238.897430 36.962288
042-rgb.png 1 313.812439 271.089081 35.231045
043-rgb.png 1 463.229401 220.630829 37.910965
044-rgb.png 1 412.855957 220.310303 38.264938
045-rgb.png 1 463.936188 240.881088 40.252216
046-rgb.png 1 342.253021 253.402451 40.964886
047-rgb.png 1 383.066681 239.000000 42.747746
048-rgb.png 1 340.000000 262.853668 44.331135
049-rgb.png 1 408.672119 232.663940 45.662827
050-rgb.png 1 408.786011 255.981537 46.856415
051-rgb.png 1 382.486511 271.794617 47.924973
052-rgb.png 1 474.000000 264.500000 51.057777
053-rgb.png 1 381.000000 261.000000 51.592617
054-rgb.png 1 448.500000 272.000000 56.370743
055-rgb.png 1 363.368561 248.802475 56.436237
056-rgb.png 1 357.859283 262.652039 57.828835
057-rgb.png 1 386.500000 301.500000 58.470078
058-rgb.png 1 322.500000 289.500000 61.304474
059-rgb.png 1 363.000000 274.677429 64.904297
060-rgb.png 1 337.088226 292.852936 69.881432
061-rgb.png 1 346.491669 278.359802 70.566643
062-rgb.png 1 364.524719 309.068451 71.674095
063-rgb.png 1 335.412323 333.262848 74.818420
064-rgb.png 1 429.534332 257.594604 77.932579
065-rgb.png 1 402.080627 287.851288 79.492081
066-rgb.png 1 433.000000 331.500000 85.955643
067-rgb.png 1 421.857361 335.846375 86.517204
068-rgb.png 1 449.009674 374.910431 92.246483
069-rgb.png 1 413.634308 408.462341 89.487053
070-rgb.png 1 408.429108 325.172974 91.772705
071-rgb.png 1 328.000000 198.971008 89.706032
072-rgb.png 1 241.000000 162.500000 95.447441
073-rgb.png 1 233.000000 167.500000 89.942360
074-rgb.png 1 151.238129 204.348633 87.858208
075-rgb.png 1 199.299164 210.027710 88.876930
076-rgb.png 1 185.852005 215.797409 84.480507
077-rgb.png 1 162.468246 213.535660 92.425133
078-rgb.png 1 220.651657 208.245773 89.562698
079-rgb.png 1 168.774139 279.621490 89.447678
080-rgb.png 1 227.500000 280.424988 88.352013
081-rgb.png 1 182.910812 296.410706 87.663452
082-rgb.png 1 291.500000 486.500000 77.309998
082-rgb.png 1 292.500000 489.500000 80.309998
083-rgb.png 1 190.000000 494.000000 83.804901
084-rgb.png 1 172.500000 479.500000 93.163620
085-rgb.png 1 198.500000 342.000000 79.566963
086-rgb.png 1 60.058739 335.743103 85.466133
087-rgb.png 1 146.500000 332.500000 77.837067
088-rgb.png 1 66.500000 486.000000 65.104996
089-rgb.png 1 162.500000 444.517548 77.789925
090-rgb.png 1 148.612762 439.640259 72.420303
091-rgb.png 1 364.277771 27.555542 69.939003
092-rgb.png 1 390.500000 -2.250000 70.628006
093-rgb.png 1 335.000000 -30.000000 63.716999
094-rgb.png 1 399.500000 244.000000 64.801201
095-rgb.png 1 406.000000 225.000000 63.067322
096-rgb.png 1 374.000000 221.000000 58.437340
097-rgb.png 1 489.000000 253.500000 61.118904
098-rgb.png 1 491.028351 256.744934 55.962914
099-rgb.png 1 548.000000 226.500000 63.769310
100-rgb.png 1 507.000000 241.000000 64.240959
101-rgb.png 1 519.500000 233.000000 62.730724
102-rgb.png 1 565.500000 247.000000 68.988861
103-rgb.png 1 498.471741 281.759460 63.818321
104-rgb.png 1 493.000000 270.500000 64.457344
105-rgb.png 1 523.000000 286.500000 70.396942
106-rgb.png 1 459.500000 299.500000 65.596489
107-rgb.png 1 474.906891 300.856018 70.849518
108-rgb.png 1 520.500000 336.000000 76.395782
109-rgb.png 1 373.247192 343.995392 73.083382
110-rgb.png 1 450.153259 376.280273 79.819641
111-rgb.png 1 427.634460 406.345886 81.947433
112-rgb.png 1 467.574036 403.556610 88.941399
113-rgb.png 1 450.000000 446.700012 87.961014
114-rgb.png 1 474.000000 450.000000 85.428650
115-rgb.png 1 497.000000 444.125000 90.398750
116-rgb.png 1 519.000000 444.500000 87.001854
117-rgb.png 1 585.000000 457.000000 101.200012
118-rgb.png 1 491.500000 425.000000 90.799332
119-rgb.png 1 608.000000 379.000000 93.681595
120-rgb.png 1 535.000000 377.500000 87.980637
121-rgb.png 1 395.210388 347.671600 74.124603
122-rgb.png 1 382.849731 339.182678 75.927307
123-rgb.png 1 420.563202 293.702454 67.675026
124-rgb.png 1 327.000000 236.000000 72.179329
125-rgb.png 1 314.500000 218.000000 65.281021
126-rgb.png 1 291.000000 192.500000 69.994026
127-rgb.png 1 295.000000 275.000000 71.731201
128-rgb.png 1 256.011444 252.224609 69.147850
129-rgb.png 1 220.018631 253.806702 73.709465
130-rgb.png 1 274.291260 264.612701 68.728745
131-rgb.png 1 253.665924 256.538879 69.929008
132-rgb.png 1 230.500000 294.000000 72.476074
133-rgb.png 1 466.865784 204.888855 69.951920
134-rgb.png 1 404.674072 207.506561 69.934669
135-rgb.png 1 443.509155 223.153122 70.763763
136-rgb.png 1 408.470673 259.486664 69.587517
137-rgb.png 1 421.972900 275.925415 75.795319
138-rgb.png 1 404.500000 303.000000 78.538765
139-rgb.png 1 374.657959 304.867767 80.215706
140-rgb.png 1 366.344543 354.396881 83.008926
141-rgb.png 1 356.606262 378.046692 85.643417
142-rgb.png 1 424.500000 332.000000 85.368126
143-rgb.png 1 382.798676 384.656708 89.415939
144-rgb.png 1 435.282104 406.222565 92.092216
145-rgb.png 1 407.372803 317.267090 88.994408
146-rgb.png 1 437.500000 326.500000 91.702858
148-rgb.png 1 445.000000 441.500000 88.812538
149-rgb.png 1 589.205872 417.382355 98.669975
151-rgb.png 1 677.500000 411.000000 101.345139
152-rgb.png 1 686.256348 406.033295 102.191505
153-rgb.png 1 681.000000 395.500000 100.422157
154-rgb.png 0 0. 0. 0.
155-rgb.png 0 0. 0. 0.
156-rgb.png 0 0. 0. 0.
157-rgb.png 0 0. 0. 0.
158-rgb.png 0 0. 0. 0.
159-rgb.png 0 0. 0. 0.
160-rgb.png 0 0. 0. 0.
161-rgb.png 0 0. 0. 0.
162-rgb.png 0 0. 0. 0.
163-rgb.png 0 0. 0. 0.
164-rgb.png 1 132.500000 293.860657 84.990250
165-rgb.png 1 284.500000 231.500000 72.660645
166-rgb.png 1 244.500000 270.500000 70.631432
167-rgb.png 1 695.000000 344.000000 99.251991
168-rgb.png 1 666.450867 318.330353 81.658943
169-rgb.png 1 630.542358 331.940674 75.887756
170-rgb.png 1 683.000000 308.500000 75.924614
171-rgb.png 1 668.000000 287.500000 72.201424
172-rgb.png 1 596.563232 276.364899 70.728767
173-rgb.png 0 0. 0. 0.
174-rgb.png 0 0. 0. 0.
175-rgb.png 0 0. 0. 0.
176-rgb.png 0 0. 0. 0.
177-rgb.png 0 0. 0. 0.
178-rgb.png 0 0. 0. 0.
179-rgb.png 1 671.000000 -8.000000 80.826561
180-rgb.png 1 630.000000 6.000000 73.246796
181-rgb.png 1 699.500000 14.000000 72.201424
182-rgb.png 1 661.884644 -22.884613 73.599274
183-rgb.png 1 618.000000 -9.500000 66.635002
184-rgb.png 1 654.000000 -5.500000 67.928619
185-rgb.png 0 0. 0. 0.
186-rgb.png 0 0. 0. 0.
187-rgb.png 0 0. 0. 0.
188-rgb.png 1 682.000000 378.500000 86.906921
189-rgb.png 0 0. 0. 0.
190-rgb.png 0 0. 0. 0.
191-rgb.png 0 0. 0. 0.
192-rgb.png 0 0. 0. 0.
193-rgb.png 0 0. 0. 0.
194-rgb.png 0 0. 0. 0.
195-rgb.png 0 0. 0. 0.
196-rgb.png 0 0. 0. 0.
197-rgb.png 0 0. 0. 0.
198-rgb.png 1 636.000000 454.500000 66.933334
199-rgb.png 1 637.500000 452.500000 65.487137
200-rgb.png 1 637.000000 452.000000 65.040710
201-rgb.png 1 205.932022 406.006866 60.298141
202-rgb.png 1 206.020355 406.739807 60.008919
203-rgb.png 1 207.966660 406.733337 60.648716
204-rgb.png 1 425.000000 240.000000 52.327648
205-rgb.png 1 426.000000 240.000000 52.155033
206-rgb.png 1 425.500000 240.500000 52.136276
207-rgb.png 1 369.000000 232.500000 51.436745
208-rgb.png 1 367.331207 219.512741 52.294994
209-rgb.png 1 376.000000 263.500000 48.111282
210-rgb.png 1 385.500000 231.000000 51.660519
211-rgb.png 1 363.000000 243.000000 53.266174
212-rgb.png 1 307.000000 233.000000 54.455185
213-rgb.png 1 323.588531 234.184174 56.350040
214-rgb.png 1 313.500000 253.500000 55.098240
215-rgb.png 1 411.500000 297.000000 57.847603
216-rgb.png 1 377.500000 307.000000 57.004234
217-rgb.png 1 425.156677 312.961334 63.315147
218-rgb.png 1 361.560791 310.980042 64.445518
219-rgb.png 1 389.500000 324.500000 67.030701
220-rgb.png 1 342.248840 368.863556 69.598320
221-rgb.png 1 471.000000 300.500000 75.658920
222-rgb.png 1 433.500000 326.000000 76.444153
223-rgb.png 1 460.777039 373.942841 84.278778
224-rgb.png 1 457.560425 397.292328 86.267647
225-rgb.png 1 473.500000 433.500000 89.500427
226-rgb.png 1 463.000000 458.000000 87.550415
227-rgb.png 1 452.000000 449.500000 89.048164
228-rgb.png 1 485.000000 457.000000 92.200012
229-rgb.png 0 0. 0. 0.
230-rgb.png 0 0. 0. 0.
231-rgb.png 0 0. 0. 0.
232-rgb.png 0 0. 0. 0.
233-rgb.png 0 0. 0. 0.
234-rgb.png 0 0. 0. 0.
235-rgb.png 0 0. 0. 0.
236-rgb.png 0 0. 0. 0.
237-rgb.png 0 0. 0. 0.
238-rgb.png 0 0. 0. 0.
239-rgb.png 0 0. 0. 0.
240-rgb.png 0 0. 0. 0.
241-rgb.png 0 0. 0. 0.
242-rgb.png 0 0. 0. 0.
243-rgb.png 0 0. 0. 0.
244-rgb.png 1 211.882721 443.239105 91.463593
245-rgb.png 1 266.500000 348.000000 83.875069
246-rgb.png 1 246.000000 327.000000 86.562035
247-rgb.png 1 192.000000 396.000000 89.415039
248-rgb.png 1 275.000000 341.000000 75.246796
249-rgb.png 1 199.500000 372.000000 83.724937
250-rgb.png 1 315.500000 319.500000 84.663864
251-rgb.png 1 592.500000 327.000000 82.474525
252-rgb.png 1 523.500000 300.000000 75.066101
253-rgb.png 0 0. 0. 0.
254-rgb.png 0 0. 0. 0.
255-rgb.png 0 0. 0. 0.
256-rgb.png 0 0. 0. 0.
257-rgb.png 0 0. 0. 0.
258-rgb.png 0 0. 0. 0.
259-rgb.png 0 0. 0. 0.
260-rgb.png 0 0. 0. 0.
261-rgb.png 0 0. 0. 0.
262-rgb.png 1 728.500000 101.000000 86.303917
263-rgb.png 1 579.000000 49.000000 73.595039
264-rgb.png 1 570.239258 55.962906 69.863625
265-rgb.png 1 150.500000 -1.500000 80.742149
266-rgb.png 1 146.500000 4.000000 79.755005
267-rgb.png 1 160.500000 6.000000 78.281387
268-rgb.png 1 442.500000 295.000000 58.795471
269-rgb.png 1 423.500000 257.000000 57.911743
270-rgb.png 1 420.592285 241.041016 59.270393
271-rgb.png 1 383.000000 226.500000 58.982677
272-rgb.png 1 385.797119 209.135788 60.949127
273-rgb.png 1 385.500000 234.500000 57.831543
274-rgb.png 1 393.129761 210.661209 57.648994
275-rgb.png 1 382.741608 225.056107 59.894016
276-rgb.png 1 331.500000 235.382355 59.242111
277-rgb.png 1 424.155151 247.348923 61.553699
278-rgb.png 1 403.500000 245.000000 62.620693
279-rgb.png 1 410.500000 257.500000 65.455673
280-rgb.png 1 363.000000 268.000000 65.928047
281-rgb.png 1 361.305206 272.215546 68.872154
282-rgb.png 1 327.500000 301.000000 72.947182
283-rgb.png 1 348.323029 301.300568 72.098251
284-rgb.png 1 353.548676 302.540558 74.994858
285-rgb.png 1 273.821747 316.248627 80.917732
286-rgb.png 1 399.078979 270.223328 77.335472
287-rgb.png 1 361.000000 256.000000 73.197060
288-rgb.png 1 305.500000 268.500000 75.720764
289-rgb.png 1 429.000000 242.500000 75.117279
290-rgb.png 1 364.500000 205.000000 71.877502
291-rgb.png 1 387.500000 165.000000 76.078148
292-rgb.png 1 418.634918 242.956085 72.623947
293-rgb.png 1 359.808624 231.045410 68.206833
294-rgb.png 1 416.000000 221.000000 69.308441
295-rgb.png 1 443.511841 212.220596 70.946922
296-rgb.png 1 389.440399 256.559601 68.242523
297-rgb.png 1 473.500000 257.000000 72.819252
298-rgb.png 1 423.145050 247.253891 66.155083
299-rgb.png 1 443.602386 203.548569 67.967598
300-rgb.png 1 431.995514 196.558334 70.348961
301-rgb.png 1 439.268677 194.948486 69.105255
302-rgb.png 1 472.000000 224.500000 69.087318
303-rgb.png 1 417.535278 209.192566 67.667259
304-rgb.png 1 488.374725 224.840836 69.537025
305-rgb.png 1 391.594849 231.227890 64.723663
306-rgb.png 1 417.785706 232.000000 66.313835
307-rgb.png 1 427.095947 230.760574 66.200661
308-rgb.png 1 408.605804 224.841736 65.010002
309-rgb.png 1 442.977356 233.562408 70.095680
310-rgb.png 1 407.569366 270.424774 68.585640
311-rgb.png 1 413.000000 240.000000 71.159004
312-rgb.png 1 401.958893 256.527496 74.203903
313-rgb.png 1 396.612732 292.140900 76.856201
314-rgb.png 1 496.000000 308.500000 82.888107
315-rgb.png 1 453.500000 312.500000 82.467567
316-rgb.png 1 463.000000 348.500000 87.309074
317-rgb.png 1 445.500000 321.000000 85.403595
318-rgb.png 1 429.500000 350.000000 91.146606
319-rgb.png 1 449.552551 383.726959 95.944199
320-rgb.png 1 348.612671 335.687225 91.350029
321-rgb.png 1 398.500000 342.500000 93.427795
322-rgb.png 1 250.000000 385.500000 103.754166
323-rgb.png 1 437.597137 152.791367 85.999344
324-rgb.png 1 515.500000 131.000000 84.336166
325-rgb.png 1 516.500000 116.000000 82.457016
326-rgb.png 1 532.287964 118.436974 80.093704
327-rgb.png 1 611.500000 107.000000 91.364250
328-rgb.png 1 544.842896 115.818726 86.565895
329-rgb.png 1 605.253357 118.591072 89.873024
330-rgb.png 0 0. 0. 0.
331-rgb.png 0 0. 0. 0.
332-rgb.png 0 0. 0. 0.
333-rgb.png 0 0. 0. 0.
334-rgb.png 0 0. 0. 0.
335-rgb.png 0 0. 0. 0.
336-rgb.png 0 0. 0. 0.
337-rgb.png 1 367.069794 335.999023 81.622910
338-rgb.png 1 618.823486 392.219299 86.736511
339-rgb.png 1 663.000000 368.000000 85.640831
